Content of the Gradient Detector:
0 0 0 0 0 0 0 0 0 0 0 0 0 0 0 0 0 0 0 0 0 0 0 0 0 0 0 0 0 0 0 0 0 0 0 0 0 0 0 0 0 0 0 0 0 0 0 
0 1 1 1 1 4 1 1 1 1 4 1 1 1 1 4 1 1 1 1 4 1 43 29 30 4 1 1 1 1 4 1 1 1 1 4 1 1 1 1 4 1 1 1 1 0 0 
0 1 1 1 1 4 1 1 1 1 4 1 1 1 1 4 1 1 1 1 4 42 1 2 29 30 1 1 1 1 4 1 1 1 1 4 1 1 1 1 4 1 1 1 1 0 0 
0 1 1 1 1 4 1 1 1 1 4 1 1 1 1 4 1 1 1 1 39 2 3 2 1 34 30 1 1 1 4 1 1 1 1 4 1 1 1 1 4 1 1 1 1 0 0 
0 1 1 1 1 4 1 1 1 1 4 1 1 1 1 4 1 1 1 43 4 1 1 1 1 4 29 30 1 1 4 1 1 1 1 4 1 1 1 1 4 1 1 1 1 0 0 
0 1 1 1 1 4 1 1 1 1 4 1 1 1 1 4 1 1 43 1 4 1 1 1 1 4 1 29 30 1 4 1 1 1 1 4 1 1 1 1 4 1 1 1 1 0 0 
0 1 1 1 1 4 1 1 1 1 4 1 1 1 1 4 1 43 1 1 4 1 1 1 1 4 1 1 29 30 4 1 1 1 1 4 1 1 1 1 4 1 1 1 1 0 0 
0 1 1 1 1 4 1 1 1 1 30 30 30 30 30 30 43 1 1 1 4 1 1 1 1 4 1 1 1 29 30 30 30 30 30 30 30 1 1 1 4 1 1 1 1 0 0 
0 1 1 1 1 4 1 1 1 31 4 1 1 1 1 4 1 1 1 1 4 1 1 1 1 4 1 1 1 1 4 1 1 1 1 4 29 1 1 1 4 1 1 1 1 0 0 
0 1 1 1 1 4 1 1 1 31 4 1 1 1 1 4 1 1 1 1 4 1 1 1 1 4 1 1 1 1 4 1 1 1 1 4 29 1 1 1 4 1 1 1 1 0 0 
0 1 1 1 1 4 1 1 1 31 4 1 1 1 1 4 1 1 1 1 4 1 1 1 1 4 1 1 1 1 4 1 1 1 1 4 29 1 1 1 4 1 1 1 1 0 0 
0 1 1 1 1 4 1 1 1 31 4 1 1 1 1 4 1 1 1 1 4 1 1 1 1 4 1 1 1 1 4 1 1 1 1 4 29 1 1 1 4 1 1 1 1 0 0 
0 1 1 1 1 4 1 1 1 31 4 1 1 1 1 4 1 1 1 1 4 1 1 1 1 4 1 1 1 1 4 1 1 1 1 4 29 1 1 1 4 1 1 1 1 0 0 
0 1 1 1 1 4 1 1 1 31 4 1 1 1 1 4 1 1 1 1 4 1 1 1 1 4 1 1 1 1 4 1 1 1 1 4 29 1 1 1 4 1 1 1 1 0 0 
0 1 1 1 1 4 1 1 1 43 4 1 1 1 1 4 1 1 1 1 4 1 1 1 1 4 1 1 1 1 4 1 1 1 1 4 29 30 1 1 4 1 1 1 1 0 0 
0 1 1 1 1 4 1 1 43 1 4 1 1 1 1 4 1 1 1 1 4 1 1 1 1 4 1 1 1 1 4 1 1 1 1 4 1 29 30 1 4 1 1 1 1 0 0 
0 1 1 1 1 4 1 43 1 1 4 1 1 1 1 4 1 1 1 1 4 1 1 1 1 4 1 1 1 1 4 1 1 1 1 4 1 1 29 30 4 1 1 1 1 0 0 
0 1 1 1 1 4 43 1 1 1 4 1 1 1 1 4 1 1 1 1 4 1 1 1 1 4 1 1 1 1 4 1 1 1 1 4 1 1 1 29 30 1 1 1 1 0 0 
0 1 1 1 1 39 1 1 1 1 4 1 1 1 1 4 1 1 1 1 4 1 1 1 1 4 1 1 1 1 4 1 1 1 1 4 1 1 1 1 34 30 1 1 1 0 0 
0 1 1 1 43 4 1 1 1 1 4 1 1 1 1 4 1 1 1 1 4 1 1 1 1 4 1 1 1 1 4 1 1 1 1 4 1 1 1 1 4 29 30 1 1 0 0 
0 1 1 43 1 4 1 1 1 1 4 1 1 1 1 4 1 1 1 1 4 1 1 1 1 4 1 1 1 1 4 1 1 1 1 4 1 1 1 1 4 1 29 30 1 0 0 
0 1 43 1 1 4 1 1 1 1 4 1 1 1 1 4 1 1 1 1 4 1 1 1 1 4 1 1 1 1 4 1 1 1 1 4 1 1 1 1 4 1 1 29 30 0 0 
0 43 1 1 1 4 1 1 1 1 4 1 1 1 1 4 1 1 1 1 4 1 1 1 1 4 1 1 1 1 4 1 1 1 1 4 1 1 1 1 4 1 1 1 29 30 0 
0 30 1 1 1 4 1 1 1 1 4 1 1 1 1 4 1 1 1 1 4 1 1 1 1 4 1 1 1 1 4 1 1 1 1 4 1 1 1 1 4 1 1 1 1 30 0 
0 31 30 1 1 4 1 1 1 1 4 1 1 1 1 4 1 1 1 1 4 1 1 1 1 4 1 1 1 1 4 1 1 1 1 4 1 1 1 1 4 1 1 1 41 0 0 
0 1 31 30 1 4 1 1 1 1 4 1 1 1 1 4 1 1 1 1 4 1 1 1 1 4 1 1 1 1 4 1 1 1 1 4 1 1 1 1 4 1 1 41 1 0 0 
0 1 1 31 30 4 1 1 1 1 4 1 1 1 1 4 1 1 1 1 4 1 1 1 1 4 1 1 1 1 4 1 1 1 1 4 1 1 1 1 4 1 41 1 1 0 0 
0 1 1 1 31 30 1 1 1 1 4 1 1 1 1 4 1 1 1 1 4 1 1 1 1 4 1 1 1 1 4 1 1 1 1 4 1 1 1 1 4 41 1 1 1 0 0 
0 1 1 1 1 26 30 1 1 1 4 1 1 1 1 4 1 1 1 1 4 1 1 1 1 4 1 1 1 1 4 1 1 1 1 4 1 1 1 1 45 1 1 1 1 0 0 
0 1 1 1 1 4 31 30 1 1 4 1 1 1 1 4 1 1 1 1 4 1 1 1 1 4 1 1 1 1 4 1 1 1 1 4 1 1 1 41 4 1 1 1 1 0 0 
0 1 1 1 1 4 1 31 30 1 4 1 1 1 1 4 1 1 1 1 4 1 1 1 1 4 1 1 1 1 4 1 1 1 1 4 1 1 41 1 4 1 1 1 1 0 0 
0 1 1 1 1 4 1 1 31 30 4 1 1 1 1 4 1 1 1 1 4 1 1 1 1 4 1 1 1 1 4 1 1 1 1 4 1 41 1 1 4 1 1 1 1 0 0 
0 1 1 1 1 4 1 1 1 31 4 1 1 1 1 4 1 1 1 1 4 1 1 1 1 4 1 1 1 1 4 1 1 1 1 4 29 1 1 1 4 1 1 1 1 0 0 
0 1 1 1 1 4 1 1 1 31 4 1 1 1 1 4 1 1 1 1 4 1 1 1 1 4 1 1 1 1 4 1 1 1 1 4 29 1 1 1 4 1 1 1 1 0 0 
0 1 1 1 1 4 1 1 1 31 4 1 1 1 1 4 1 1 1 1 4 1 1 1 1 4 1 1 1 1 4 1 1 1 1 4 29 1 1 1 4 1 1 1 1 0 0 
0 1 1 1 1 4 1 1 1 31 4 1 1 1 1 4 1 1 1 1 4 1 1 1 1 4 1 1 1 1 4 1 1 1 1 4 29 1 1 1 4 1 1 1 1 0 0 
0 1 1 1 1 4 1 1 1 31 4 1 1 1 1 4 1 1 1 1 4 1 1 1 1 4 1 1 1 1 4 1 1 1 1 4 29 1 1 1 4 1 1 1 1 0 0 
0 1 1 1 1 4 1 1 1 31 4 1 1 1 1 4 1 1 1 1 4 1 1 1 1 4 1 1 1 1 4 1 1 1 1 4 29 1 1 1 4 1 1 1 1 0 0 
0 1 1 1 1 4 1 1 1 31 30 30 30 30 30 30 30 1 1 1 4 1 1 1 1 4 1 1 1 1 30 30 30 30 30 30 41 1 1 1 4 1 1 1 1 0 0 
0 1 1 1 1 4 1 1 1 1 4 1 1 1 1 4 31 30 1 1 4 1 1 1 1 4 1 1 1 41 4 1 1 1 1 4 1 1 1 1 4 1 1 1 1 0 0 
0 1 1 1 1 4 1 1 1 1 4 1 1 1 1 4 1 31 30 1 4 1 1 1 1 4 1 1 41 1 4 1 1 1 1 4 1 1 1 1 4 1 1 1 1 0 0 
0 1 1 1 1 4 1 1 1 1 4 1 1 1 1 4 1 1 31 30 4 1 1 1 1 4 1 41 1 1 4 1 1 1 1 4 1 1 1 1 4 1 1 1 1 0 0 
0 1 1 1 1 4 1 1 1 1 4 1 1 1 1 4 1 1 1 31 30 1 1 1 1 4 41 1 1 1 4 1 1 1 1 4 1 1 1 1 4 1 1 1 1 0 0 
0 1 1 1 1 4 1 1 1 1 4 1 1 1 1 4 1 1 1 1 26 30 1 1 1 45 1 1 1 1 4 1 1 1 1 4 1 1 1 1 4 1 1 1 1 0 0 
0 1 1 1 1 4 1 1 1 1 4 1 1 1 1 4 1 1 1 1 4 31 30 1 41 4 1 1 1 1 4 1 1 1 1 4 1 1 1 1 4 1 1 1 1 0 0 
0 1 1 1 1 4 1 1 1 1 4 1 1 1 1 4 1 1 1 1 4 1 31 29 1 4 1 1 1 1 4 1 1 1 1 4 1 1 1 1 4 1 1 1 1 0 0 
0 0 0 0 0 0 0 0 0 0 0 0 0 0 0 0 0 0 0 0 0 0 0 0 0 0 0 0 0 0 0 0 0 0 0 0 0 0 0 0 0 0 0 0 0 0 0 

Histogram of Gradient Detection:
0  (0):
1  (1493):++++++++++++++++++++++++++++++
2  (3):+++
3  (1):+
4  (340):++++++++++++++++++++++++++++++
5  (0):
6  (0):
7  (0):
8  (0):
9  (0):
10  (0):
11  (0):
12  (0):
13  (0):
14  (0):
15  (0):
16  (0):
17  (0):
18  (0):
19  (0):
20  (0):
21  (0):
22  (0):
23  (0):
24  (0):
25  (0):
26  (2):++
27  (0):
28  (0):
29  (27):+++++++++++++++++++++++++++
30  (57):++++++++++++++++++++++++++++++
31  (26):++++++++++++++++++++++++++
32  (0):
33  (0):
34  (2):++
35  (0):
36  (0):
37  (0):
38  (0):
39  (2):++
40  (0):
41  (13):+++++++++++++
42  (1):+
43  (13):+++++++++++++
44  (0):
45  (2):++

Bi-Gaussian Curve Fitting of the Graph:
                                                                                                                                                                                                                                                                                                                                                                                                                                                                                                                                                                                                                                                                                                                                                                                                                                                                                                                                                                                                                                                                                                                                                                                                                                                                                                                                                                                                                                                                                                                                                      
                                                                                                                                                                                                                                                                                                                                                                                                                                                                                                                                                                                                                                                                                                                                                                                                                                                                                                                                                                                                                                                                                                                                                                                                                                                                                                                                                                                                                                                                                                                                                     * 
   *                                                                                                                                                                                                                                                                                                                                                                                                                                                                                                                                                                                                                                                                                                                                                                                                                                                                                                                                                                                                                                                                                                                                                                                                                                                                                                                                                                                                                                                                                                                                                   
 *                                                                                                                                                                                                                                                                                                                                                                                                                                                                                                                                                                                                                                                                                                                                                                                                                                                                                                                                                                                                                                                                                                                                                                                                                                                                                                                                                                                                                                                                                                                                                     
                                                                                                                                                                                                                                                                                                                                                    *                                                                                                                                                                                                                                                                                                                                                                                                                                                                                                                                                                                                                                                                                                                                                                                                                                                                                                                                                                                                                                                                                                                                                                                                  
*                                                                                                                                                                                                                                                                                                                                                                                                                                                                                                                                                                                                                                                                                                                                                                                                                                                                                                                                                                                                                                                                                                                                                                                                                                                                                                                                                                                                                                                                                                                                                      
*                                                                                                                                                                                                                                                                                                                                                                                                                                                                                                                                                                                                                                                                                                                                                                                                                                                                                                                                                                                                                                                                                                                                                                                                                                                                                                                                                                                                                                                                                                                                                      
*                                                                                                                                                                                                                                                                                                                                                                                                                                                                                                                                                                                                                                                                                                                                                                                                                                                                                                                                                                                                                                                                                                                                                                                                                                                                                                                                                                                                                                                                                                                                                      
*                                                                                                                                                                                                                                                                                                                                                                                                                                                                                                                                                                                                                                                                                                                                                                                                                                                                                                                                                                                                                                                                                                                                                                                                                                                                                                                                                                                                                                                                                                                                                      
*                                                                                                                                                                                                                                                                                                                                                                                                                                                                                                                                                                                                                                                                                                                                                                                                                                                                                                                                                                                                                                                                                                                                                                                                                                                                                                                                                                                                                                                                                                                                                      
*                                                                                                                                                                                                                                                                                                                                                                                                                                                                                                                                                                                                                                                                                                                                                                                                                                                                                                                                                                                                                                                                                                                                                                                                                                                                                                                                                                                                                                                                                                                                                      
*                                                                                                                                                                                                                                                                                                                                                                                                                                                                                                                                                                                                                                                                                                                                                                                                                                                                                                                                                                                                                                                                                                                                                                                                                                                                                                                                                                                                                                                                                                                                                      
*                                                                                                                                                                                                                                                                                                                                                                                                                                                                                                                                                                                                                                                                                                                                                                                                                                                                                                                                                                                                                                                                                                                                                                                                                                                                                                                                                                                                                                                                                                                                                      
*                                                                                                                                                                                                                                                                                                                                                                                                                                                                                                                                                                                                                                                                                                                                                                                                                                                                                                                                                                                                                                                                                                                                                                                                                                                                                                                                                                                                                                                                                                                                                      
*                                                                                                                                                                                                                                                                                                                                                                                                                                                                                                                                                                                                                                                                                                                                                                                                                                                                                                                                                                                                                                                                                                                                                                                                                                                                                                                                                                                                                                                                                                                                                      
*                                                                                                                                                                                                                                                                                                                                                                                                                                                                                                                                                                                                                                                                                                                                                                                                                                                                                                                                                                                                                                                                                                                                                                                                                                                                                                                                                                                                                                                                                                                                                      
*                                                                                                                                                                                                                                                                                                                                                                                                                                                                                                                                                                                                                                                                                                                                                                                                                                                                                                                                                                                                                                                                                                                                                                                                                                                                                                                                                                                                                                                                                                                                                      
*                                                                                                                                                                                                                                                                                                                                                                                                                                                                                                                                                                                                                                                                                                                                                                                                                                                                                                                                                                                                                                                                                                                                                                                                                                                                                                                                                                                                                                                                                                                                                      
*                                                                                                                                                                                                                                                                                                                                                                                                                                                                                                                                                                                                                                                                                                                                                                                                                                                                                                                                                                                                                                                                                                                                                                                                                                                                                                                                                                                                                                                                                                                                                      
*                                                                                                                                                                                                                                                                                                                                                                                                                                                                                                                                                                                                                                                                                                                                                                                                                                                                                                                                                                                                                                                                                                                                                                                                                                                                                                                                                                                                                                                                                                                                                      
*                                                                                                                                                                                                                                                                                                                                                                                                                                                                                                                                                                                                                                                                                                                                                                                                                                                                                                                                                                                                                                                                                                                                                                                                                                                                                                                                                                                                                                                                                                                                                      
*                                                                                                                                                                                                                                                                                                                                                                                                                                                                                                                                                                                                                                                                                                                                                                                                                                                                                                                                                                                                                                                                                                                                                                                                                                                                                                                                                                                                                                                                                                                                                      
*                                                                                                                                                                                                                                                                                                                                                                                                                                                                                                                                                                                                                                                                                                                                                                                                                                                                                                                                                                                                                                                                                                                                                                                                                                                                                                                                                                                                                                                                                                                                                      
*                                                                                                                                                                                                                                                                                                                                                                                                                                                                                                                                                                                                                                                                                                                                                                                                                                                                                                                                                                                                                                                                                                                                                                                                                                                                                                                                                                                                                                                                                                                                                      
*                                                                                                                                                                                                                                                                                                                                                                                                                                                                                                                                                                                                                                                                                                                                                                                                                                                                                                                                                                                                                                                                                                                                                                                                                                                                                                                                                                                                                                                                                                                                                      
*                                                                                                                                                                                                                                                                                                                                                                                                                                                                                                                                                                                                                                                                                                                                                                                                                                                                                                                                                                                                                                                                                                                                                                                                                                                                                                                                                                                                                                                                                                                                                      
  *                                                                                                                                                                                                                                                                                                                                                                                                                                                                                                                                                                                                                                                                                                                                                                                                                                                                                                                                                                                                                                                                                                                                                                                                                                                                                                                                                                                                                                                                                                                                                    
*                                                                                                                                                                                                                                                                                                                                                                                                                                                                                                                                                                                                                                                                                                                                                                                                                                                                                                                                                                                                                                                                                                                                                                                                                                                                                                                                                                                                                                                                                                                                                      
*                                                                                                                                                                                                                                                                                                                                                                                                                                                                                                                                                                                                                                                                                                                                                                                                                                                                                                                                                                                                                                                                                                                                                                                                                                                                                                                                                                                                                                                                                                                                                      
                           *                                                                                                                                                                                                                                                                                                                                                                                                                                                                                                                                                                                                                                                                                                                                                                                                                                                                                                                                                                                                                                                                                                                                                                                                                                                                                                                                                                                                                                                                                                                           
                                                         *                                                                                                                                                                                                                                                                                                                                                                                                                                                                                                                                                                                                                                                                                                                                                                                                                                                                                                                                                                                                                                                                                                                                                                                                                                                                                                                                                                                                                                                                                             
                          *                                                                                                                                                                                                                                                                                                                                                                                                                                                                                                                                                                                                                                                                                                                                                                                                                                                                                                                                                                                                                                                                                                                                                                                                                                                                                                                                                                                                                                                                                                                            
*                                                                                                                                                                                                                                                                                                                                                                                                                                                                                                                                                                                                                                                                                                                                                                                                                                                                                                                                                                                                                                                                                                                                                                                                                                                                                                                                                                                                                                                                                                                                                      
*                                                                                                                                                                                                                                                                                                                                                                                                                                                                                                                                                                                                                                                                                                                                                                                                                                                                                                                                                                                                                                                                                                                                                                                                                                                                                                                                                                                                                                                                                                                                                      
  *                                                                                                                                                                                                                                                                                                                                                                                                                                                                                                                                                                                                                                                                                                                                                                                                                                                                                                                                                                                                                                                                                                                                                                                                                                                                                                                                                                                                                                                                                                                                                    
*                                                                                                                                                                                                                                                                                                                                                                                                                                                                                                                                                                                                                                                                                                                                                                                                                                                                                                                                                                                                                                                                                                                                                                                                                                                                                                                                                                                                                                                                                                                                                      
*                                                                                                                                                                                                                                                                                                                                                                                                                                                                                                                                                                                                                                                                                                                                                                                                                                                                                                                                                                                                                                                                                                                                                                                                                                                                                                                                                                                                                                                                                                                                                      
*                                                                                                                                                                                                                                                                                                                                                                                                                                                                                                                                                                                                                                                                                                                                                                                                                                                                                                                                                                                                                                                                                                                                                                                                                                                                                                                                                                                                                                                                                                                                                      
*                                                                                                                                                                                                                                                                                                                                                                                                                                                                                                                                                                                                                                                                                                                                                                                                                                                                                                                                                                                                                                                                                                                                                                                                                                                                                                                                                                                                                                                                                                                                                      
  *                                                                                                                                                                                                                                                                                                                                                                                                                                                                                                                                                                                                                                                                                                                                                                                                                                                                                                                                                                                                                                                                                                                                                                                                                                                                                                                                                                                                                                                                                                                                                    
*                                                                                                                                                                                                                                                                                                                                                                                                                                                                                                                                                                                                                                                                                                                                                                                                                                                                                                                                                                                                                                                                                                                                                                                                                                                                                                                                                                                                                                                                                                                                                      
             *                                                                                                                                                                                                                                                                                                                                                                                                                                                                                                                                                                                                                                                                                                                                                                                                                                                                                                                                                                                                                                                                                                                                                                                                                                                                                                                                                                                                                                                                                                                                         
 *                                                                                                                                                                                                                                                                                                                                                                                                                                                                                                                                                                                                                                                                                                                                                                                                                                                                                                                                                                                                                                                                                                                                                                                                                                                                                                                                                                                                                                                                                                                                                     
             *                                                                                                                                                                                                                                                                                                                                                                                                                                                                                                                                                                                                                                                                                                                                                                                                                                                                                                                                                                                                                                                                                                                                                                                                                                                                                                                                                                                                                                                                                                                                         
*                                                                                                                                                                                                                                                                                                                                                                                                                                                                                                                                                                                                                                                                                                                                                                                                                                                                                                                                                                                                                                                                                                                                                                                                                                                                                                                                                                                                                                                                                                                                                      
  *                                                                                                                                                                                                                                                                                                                                                                                                                                                                                                                                                                                                                                                                                                                                                                                                                                                                                                                                                                                                                                                                                                                                                                                                                                                                                                                                                                                                                                                                                                                                                    

