Best Threshold Value of Robert's Edge Detector: 6. The Result:
                                             
                     1 1 1 1                     
                    1 1   1 1                    
                   1 1     1 1                   
                  1 1       1 1                  
                 1 1         1 1                 
                1 1           1 1                
         1       1             1       1         
                                             
                                             
                                             
                                             
                                             
                                             
        1 1                           1 1        
       1 1                             1 1       
      1 1                               1 1      
     1 1                                 1 1     
    1 1                                   1 1    
   1 1                                     1 1   
  1 1                                       1 1  
 1 1                                         1 1 
 1                                           1 
 1                                           1 
 1 1                                         1 1 
  1 1                                       1 1  
   1 1                                     1 1   
    1 1                                   1 1    
     1 1                                 1 1     
      1 1                               1 1      
       1 1                             1 1       
        1 1                           1 1        
                                             
                                             
                                             
                                             
                                             
                                             
         1       1             1       1         
                1 1           1 1                
                 1 1         1 1                 
                  1 1       1 1                  
                   1 1     1 1                   
                    1 1   1 1                    
                     1 1 1 1                     


Best Threshold Value of Sobel's Edge Detector: 178. The Result:
                     1                        
                                             
                                             
                                             
                                             
                                             
          1 1 1 1 1 1              1 1 1 1 1 1           
          1 1 1 1 1                1 1 1 1 1           
        1                           1          
        1                           1          
        1                           1          
        1                           1          
        1                           1          
        1                                     
                                             
                                             
                                             
                                             
                                             
                                             
                                             
1                                            1 
                                             
1                                            1 
                                             
                                             
                                             
                                             
                                             
                                             
                                             
        1                                     
        1                           1          
        1                           1          
        1                           1          
        1                           1          
        1                           1          
          1 1 1 1 1                1 1 1 1 1           
          1 1 1 1 1 1              1 1 1 1 1 1           
                                             
                                             
                                             
                                             
                                             
                     1                        


Best Threshold Value of Gradient Detector: 29. The Result:
                     1 1 1                      
                    1   1 1                     
                   1     1 1                    
                  1       1 1                   
                 1         1 1                  
                1           1 1                 
         1 1 1 1 1 1 1             1 1 1 1 1 1 1 1          
        1                           1          
        1                           1          
        1                           1          
        1                           1          
        1                           1          
        1                           1          
        1                           1 1         
       1                             1 1        
      1                               1 1       
     1                                 1 1      
    1                                   1 1     
   1                                     1 1    
  1                                       1 1   
 1                                         1 1  
1                                           1 1 
1                                            1 
1 1                                          1  
 1 1                                        1   
  1 1                                      1    
   1 1                                    1     
     1                                  1      
     1 1                                1       
      1 1                              1        
       1 1                            1         
        1                           1          
        1                           1          
        1                           1          
        1                           1          
        1                           1          
        1                           1          
        1 1 1 1 1 1 1 1              1 1 1 1 1 1 1          
               1 1            1                 
                1 1          1                  
                 1 1        1                   
                  1 1      1                    
                    1    1                     
                    1 1  1                      
                     1 1                       
